V 53
K 1323382192 am27c020.1
F Case
|R 14:42:53_01-13-12
D 0 440 200 0
Y 0
Z 10
i 30
U 0 420 15 0 3 0 Ref Designator=U?
U 0 -100 10 0 3 0 DESCRIPTION=EPROM,256KX8,CMOS,DIP,32PIN,CERAMIC
U 0 -60 10 0 3 0 DATASHEET=HTTP://WWW.FREETRADEZONE.COM/DESIGN_CENTER/IMAGES/PDF/D0001828.PDF
U 0 -40 10 0 3 0 LEVEL=STD
U 0 -30 10 0 3 0 SIGNAL=VCC;32
U 0 -20 10 0 3 0 SIGNAL=VPP;1
U 0 -10 10 0 3 0 SIGNAL=GND;16
U 0 0 10 0 1 0 FORWARD_PCB=0
b 20 20 180 420
P 1 0 390 20 390 0 2 0
L 20 390 10 0 2 0 1 0 A17                               //注释：引脚原点是左中才对
A 20 395 10 0 2 0 PINTYPE=IN
A 20 390 10 0 9 0 #=30
P 2 0 370 20 370 0 2 0
L 20 370 10 0 2 0 1 0 A16
A 30 375 10 0 2 0 PINTYPE=IN
A 20 370 10 0 9 0 #=2
P 3 0 350 20 350 0 2 0
L 20 350 10 0 2 0 1 0 A15
A 30 355 10 0 2 0 PINTYPE=IN
A 20 350 10 0 9 0 #=3
P 4 0 330 20 330 0 2 0
L 20 330 10 0 2 0 1 0 A14
A 20 335 10 0 2 0 PINTYPE=IN
A 20 330 10 0 9 0 #=29
P 5 0 310 20 310 0 2 0
L 20 310 10 0 2 0 1 0 A13
A 20 315 10 0 2 0 PINTYPE=IN
A 20 310 10 0 9 0 #=28
P 6 0 290 20 290 0 2 0
L 20 290 10 0 2 0 1 0 A12
A 30 295 10 0 2 0 PINTYPE=IN
A 20 290 10 0 9 0 #=4
P 7 0 270 20 270 0 2 0
L 20 270 10 0 2 0 1 0 A11
A 20 275 10 0 2 0 PINTYPE=IN
A 20 270 10 0 9 0 #=25
P 8 0 250 20 250 0 2 0
L 20 250 10 0 2 0 1 0 A10
A 20 255 10 0 2 0 PINTYPE=IN
A 20 250 10 0 9 0 #=23
P 9 0 230 20 230 0 2 0
L 20 230 10 0 2 0 1 0 A9
A 20 235 10 0 2 0 PINTYPE=IN
A 20 230 10 0 9 0 #=26
P 10 0 210 20 210 0 2 0
L 20 210 10 0 2 0 1 0 A8
A 20 215 10 0 2 0 PINTYPE=IN
A 20 210 10 0 9 0 #=27
P 11 0 190 20 190 0 2 0
L 20 190 10 0 2 0 1 0 A7
A 30 195 10 0 2 0 PINTYPE=IN
A 20 190 10 0 9 0 #=5
P 12 0 170 20 170 0 2 0
L 20 170 10 0 2 0 1 0 A6
A 30 175 10 0 2 0 PINTYPE=IN
A 20 170 10 0 9 0 #=6
P 13 0 150 20 150 0 2 0
L 20 150 10 0 2 0 1 0 A5
A 30 155 10 0 2 0 PINTYPE=IN
A 20 150 10 0 9 0 #=7
P 14 0 130 20 130 0 2 0
L 20 130 10 0 2 0 1 0 A4
A 30 135 10 0 2 0 PINTYPE=IN
A 20 130 10 0 9 0 #=8
P 15 0 110 20 110 0 2 0
L 20 110 10 0 2 0 1 0 A3
A 30 115 10 0 2 0 PINTYPE=IN
A 20 110 10 0 9 0 #=9
P 16 0 90 20 90 0 2 0
L 20 90 10 0 2 0 1 0 A2
A 20 95 10 0 2 0 PINTYPE=IN
A 20 90 10 0 9 0 #=10
P 17 0 70 20 70 0 2 0
L 20 70 10 0 2 0 1 0 A1
A 20 75 10 0 2 0 PINTYPE=IN
A 20 70 10 0 9 0 #=11
P 18 0 50 20 50 0 2 0
L 20 50 10 0 2 0 1 0 A0
A 20 55 10 0 2 0 PINTYPE=IN
A 20 50 10 0 9 0 #=12
P 19 120 440 120 420 0 0 1
L 120 420 10 1 8 0 1 1 PGM                               //注释：引脚名称旋转90°，原点是右中
A 125 440 10 1 8 0 PINTYPE=IN
A 120 420 10 1 3 0 #=31
P 20 100 440 100 420 0 0 1
L 100 420 10 1 8 0 1 1 OE
A 105 440 10 1 8 0 PINTYPE=IN
A 100 420 10 1 3 0 #=24
P 21 80 440 80 420 0 0 1
L 80 420 10 1 8 0 1 1 CE
A 85 440 10 1 8 0 PINTYPE=IN
A 80 420 10 1 3 0 #=22
P 22 200 390 180 390 0 3 0
L 180 390 10 0 8 0 1 0 DQ7                               //注释：引脚原点是右中才对
A 180 400 10 0 2 0 PINTYPE=BI
A 180 390 10 0 3 0 #=21
P 23 200 370 180 370 0 3 0
L 180 370 10 0 8 0 1 0 DQ6
A 180 380 10 0 2 0 PINTYPE=BI
A 180 370 10 0 3 0 #=20
P 24 200 350 180 350 0 3 0
L 180 350 10 0 8 0 1 0 DQ5
A 180 360 10 0 2 0 PINTYPE=BI
A 180 350 10 0 3 0 #=19
P 25 200 330 180 330 0 3 0
L 180 330 10 0 8 0 1 0 DQ4
A 180 340 10 0 2 0 PINTYPE=BI
A 180 330 10 0 3 0 #=18
P 26 200 310 180 310 0 3 0
L 180 310 10 0 8 0 1 0 DQ3
A 180 320 10 0 2 0 PINTYPE=BI
A 180 310 10 0 3 0 #=17
P 27 200 290 180 290 0 3 0
L 180 290 10 0 8 0 1 0 DQ2
A 180 300 10 0 2 0 PINTYPE=BI
A 180 290 10 0 3 0 #=15
P 28 200 270 180 270 0 3 0
L 180 270 10 0 8 0 1 0 DQ1
A 180 280 10 0 2 0 PINTYPE=BI
A 180 270 10 0 3 0 #=14
P 29 200 250 180 250 0 3 0
L 180 250 10 0 8 0 1 0 DQ0
A 180 260 10 0 2 0 PINTYPE=BI
A 180 250 10 0 3 0 #=13
E 
